# z	n(z)
0	-0.000000e+00
1	1.285123e-01
2	2.435988e-01
3	3.609342e-01
4	4.755743e-01
5	5.877129e-01
6	6.975738e-01
7	8.053909e-01
8	9.114044e-01
9	1.015860e+00
10	1.119005e+00
11	1.221094e+00
12	1.322379e+00
13	1.423120e+00
14	1.523579e+00
15	1.624028e+00
16	1.724742e+00
17	1.826012e+00
18	1.928140e+00
19	2.031448e+00
20	2.136278e+00
21	2.243001e+00
22	2.352022e+00
23	2.463788e+00
24	2.578793e+00
25	2.697597e+00
26	2.820833e+00
27	2.949223e+00
28	3.083605e+00
29	3.224953e+00
30	3.374413e+00
31	3.533346e+00
32	3.703383e+00
33	3.886499e+00
34	4.085115e+00
35	4.302227e+00
36	4.541602e+00
37	4.808035e+00
38	5.107739e+00
39	5.448907e+00
40	5.842576e+00
41	6.303984e+00
42	6.854782e+00
43	7.526807e+00
44	8.368887e+00
45	9.459916e+00
46	1.093622e+01
47	1.305549e+01
48	1.637044e+01
49	2.232049e+01
50	3.620059e+01
51	5.653590e+01
52	-4.672231e+01
53	-3.249001e+01
54	-1.880778e+01
55	-1.291505e+01
56	-9.626836e+00
57	-7.524500e+00
58	-6.061501e+00
59	-4.982526e+00
60	-4.152308e+00
61	-3.492491e+00
62	-2.954548e+00
63	-2.506816e+00
64	-2.127757e+00
65	-1.802207e+00
66	-1.519183e+00
67	-1.270532e+00
68	-1.050075e+00
69	-8.530409e-01
70	-6.756907e-01
71	-5.150491e-01
72	-3.687200e-01
73	-2.347514e-01
74	-1.115370e-01
75	2.257455e-03
76	1.077495e-01
77	2.058826e-01
78	2.974589e-01
79	3.831645e-01
80	4.635906e-01
81	5.392488e-01
82	6.105844e-01
83	6.779870e-01
84	7.417989e-01
85	8.023222e-01
86	8.598247e-01
87	9.145444e-01
88	9.666940e-01
89	1.016464e+00
90	1.064025e+00
91	1.109532e+00
92	1.153125e+00
93	1.194928e+00
94	1.235059e+00
95	1.273621e+00
96	1.310710e+00
97	1.346414e+00
98	1.380812e+00
99	1.413980e+00
100	1.445985e+00
101	1.476890e+00
102	1.506753e+00
103	1.535628e+00
104	1.563565e+00
105	1.590610e+00
106	1.616807e+00
107	1.642197e+00
108	1.666816e+00
109	1.690700e+00
110	1.713883e+00
111	1.736394e+00
112	1.758264e+00
113	1.779518e+00
114	1.800184e+00
115	1.820285e+00
116	1.839844e+00
117	1.858883e+00
118	1.877422e+00
119	1.895480e+00
120	1.913075e+00
121	1.930225e+00
122	1.946947e+00
123	1.963255e+00
124	1.979165e+00
125	1.994690e+00
126	2.009844e+00
127	2.024640e+00
128	2.039090e+00
129	2.053206e+00
130	2.066998e+00
131	2.080478e+00
132	2.093654e+00
133	2.106538e+00
134	2.119137e+00
135	2.131462e+00
136	2.143520e+00
137	2.155320e+00
138	2.166869e+00
139	2.178175e+00
140	2.189245e+00
141	2.200086e+00
142	2.210705e+00
143	2.221107e+00
144	2.231300e+00
145	2.241289e+00
146	2.251079e+00
147	2.260676e+00
148	2.270086e+00
149	2.279313e+00
150	2.288362e+00
151	2.297239e+00
152	2.305947e+00
153	2.314491e+00
154	2.322876e+00
155	2.331105e+00
156	2.339182e+00
157	2.347111e+00
158	2.354897e+00
159	2.362541e+00
160	2.370049e+00
161	2.377423e+00
162	2.384666e+00
163	2.391783e+00
164	2.398775e+00
165	2.405645e+00
166	2.412397e+00
167	2.419034e+00
168	2.425557e+00
169	2.431970e+00
170	2.438276e+00
171	2.444475e+00
172	2.450572e+00
173	2.456569e+00
174	2.462466e+00
175	2.468268e+00
176	2.473975e+00
177	2.479591e+00
178	2.485116e+00
179	2.490553e+00
180	2.495904e+00
181	2.501170e+00
182	2.506354e+00
183	2.511458e+00
184	2.516481e+00
185	2.521428e+00
186	2.526299e+00
187	2.531095e+00
188	2.535818e+00
189	2.540470e+00
190	2.545053e+00
191	2.549566e+00
192	2.554013e+00
193	2.558394e+00
194	2.562711e+00
195	2.566964e+00
196	2.571155e+00
197	2.575286e+00
198	2.579357e+00
199	2.583369e+00
200	2.587325e+00
201	2.591224e+00
202	2.595068e+00
203	2.598858e+00
204	2.602595e+00
205	2.606279e+00
206	2.609913e+00
207	2.613497e+00
208	2.617031e+00
209	2.620517e+00
210	2.623955e+00
211	2.627347e+00
212	2.630693e+00
213	2.633994e+00
214	2.637251e+00
215	2.640465e+00
216	2.643636e+00
217	2.646766e+00
218	2.649854e+00
219	2.652902e+00
220	2.655910e+00
221	2.658879e+00
222	2.661810e+00
223	2.664703e+00
224	2.667560e+00
225	2.670380e+00
226	2.673164e+00
227	2.675913e+00
228	2.678627e+00
229	2.681308e+00
230	2.683955e+00
231	2.686569e+00
232	2.689151e+00
233	2.691701e+00
234	2.694220e+00
235	2.696708e+00
236	2.699166e+00
237	2.701594e+00
238	2.703992e+00
239	2.706362e+00
240	2.708704e+00
241	2.711017e+00
242	2.713303e+00
243	2.715563e+00
244	2.717795e+00
245	2.720001e+00
246	2.722182e+00
247	2.724337e+00
248	2.726467e+00
249	2.728573e+00
250	2.730654e+00
251	2.732711e+00
252	2.734745e+00
253	2.736756e+00
254	2.738744e+00
255	2.740710e+00
256	2.742653e+00
257	2.744575e+00
258	2.746475e+00
259	2.748354e+00
260	2.750212e+00
261	2.752050e+00
262	2.753868e+00
263	2.755665e+00
264	2.757443e+00
265	2.759202e+00
266	2.760941e+00
267	2.762662e+00
268	2.764364e+00
269	2.766048e+00
270	2.767714e+00
271	2.769362e+00
272	2.770993e+00
273	2.772606e+00
274	2.774203e+00
275	2.775783e+00
276	2.777346e+00
277	2.778892e+00
278	2.780423e+00
279	2.781938e+00
280	2.783437e+00
281	2.784921e+00
282	2.786390e+00
283	2.787843e+00
284	2.789282e+00
285	2.790706e+00
286	2.792116e+00
287	2.793512e+00
288	2.794893e+00
289	2.796261e+00
290	2.797615e+00
291	2.798955e+00
292	2.800283e+00
293	2.801597e+00
294	2.802898e+00
295	2.804187e+00
296	2.805462e+00
297	2.806726e+00
298	2.807977e+00
299	2.809216e+00
300	2.810443e+00
301	2.811658e+00
302	2.812861e+00
303	2.814053e+00
304	2.815234e+00
305	2.816403e+00
306	2.817562e+00
307	2.818709e+00
308	2.819845e+00
309	2.820971e+00
310	2.822087e+00
311	2.823191e+00
312	2.824286e+00
313	2.825371e+00
314	2.826445e+00
315	2.827509e+00
316	2.828564e+00
317	2.829609e+00
318	2.830645e+00
319	2.831671e+00
320	2.832688e+00
321	2.833695e+00
322	2.834694e+00
323	2.835683e+00
324	2.836664e+00
325	2.837636e+00
326	2.838599e+00
327	2.839553e+00
328	2.840499e+00
329	2.841437e+00
330	2.842367e+00
331	2.843288e+00
332	2.844201e+00
333	2.845106e+00
334	2.846004e+00
335	2.846893e+00
336	2.847775e+00
337	2.848649e+00
338	2.849516e+00
339	2.850375e+00
340	2.851227e+00
341	2.852072e+00
342	2.852909e+00
343	2.853739e+00
344	2.854563e+00
345	2.855379e+00
346	2.856188e+00
347	2.856991e+00
348	2.857787e+00
349	2.858576e+00
350	2.859359e+00
351	2.860135e+00
352	2.860905e+00
353	2.861668e+00
354	2.862425e+00
355	2.863176e+00
356	2.863921e+00
357	2.864660e+00
358	2.865392e+00
359	2.866119e+00
360	2.881877e+00
